"rdata$group" "AR" "BE" "XX" "CM" "DL" "geom"
"1" 0 0.218681369807063 0 0.514457361466058 0.266861260382367 0.00224540666104226
"2" 0 0.268704604984462 0 0.590931582945772 0.140366664395013 0.00224277159424431
"3" 0 0.250838740389439 0.0418229936456405 0.466292525547334 0.241045745023498 0.0022459978263181
"4" 0 0 0.260576833502639 0.739423191563198 0 0.00229428651049739
"5" 0.081438875338794 0.0671972699611881 0.395879684623413 0.301196429875886 0.154287740105111 0.00217897612103204
"6" 0 0.191113472990734 0 0.685231546927553 0.123655004440325 0.00227431330610913
"7" 0.161364874216702 0 0 0.838636625520142 0 0.00222853873898233
"8" 0 0 0.109400928229505 0.750787525919113 0.13981158383798 0.00227647981053074
"9" 0 0 0.298465045235459 0.527810773352695 0.173724206468005 0.00221674038819314
"10" 0 0 0.133201450544862 0.681759981958101 0.185038618754682 0.00227377287187755
"11" 0 0 0.0333436259598944 0.772294683003316 0.194361739297189 0.00233933461623918
"12" 0.195557725646077 0.269502242640363 0 0.517065378218349 0.017877571923424 0.00216816542693731
"13" 0.176150979985121 0 0 0.763316726857514 0.0605323286928918 0.00223401433162923
"14" 0.202670264255063 0.0830619341252078 0 0.649198019459045 0.0650697988542037 0.0022308535063481
"15" 0 0.3522379521482 0 0.647762072321248 0 0.00220778119591772
"16" 0.0133468722715684 0 0.189180465644366 0.395421987099586 0.402050651141679 0.00214198517418184
"17" 0 0.274923109938851 0 0.534267335299436 0.190809618875358 0.00226010020294304
"18" 0 0.0749300771880244 0 0.738686879333011 0.186383110663682 0.00229159167039386
"19" 0 0.00602313276902738 0.143204691293239 0.850772264285811 0 0.00229039042318784
"20" 0 0.0723309692185135 0 0.754579444169166 0.173089652130378 0.0022260025850724
"21" 0 0.0151039115465783 0.236730529050332 0.56186183078286 0.186303813310746 0.00223715302327626
"22" 0 0.00766612056956327 0.0254654480435176 0.832251701685543 0.134619607390481 0.00229158395792838
"23" 0.113487480124024 0.220116708619569 0 0.666395835815175 0 0.00218756219711866
"24" 0.164026045722978 0.279037158902166 0.0435539871775472 0.396611535722571 0.116771236234691 0.00215023165935192
"25" 0.0673008758327099 0 0.150217718447538 0.621296530484211 0.161184955515978 0.00225795630454087
"26" 0 0.0951371800915384 0 0.904862886209117 0 0.00229207251657117
"27" 0 0 0.23465676346633 0.565232991289898 0.20011029421387 0.0022272283598497
"28" 0 0.26473029054426 0 0.548498005333006 0.186771718316845 0.00223600955936419
"29" 0.0793332169099768 0.0361371750124387 0.148198052439826 0.658057488372365 0.0782741123309705 0.00220309578743871
"30" 0 0 0.201553749662109 0.602327530973612 0.196118708898596 0.00220942955716123
"31" 0 0.0456358586563377 0.107892658788602 0.718368296418871 0.128103181565373 0.00231735977688074
"32" 0 0 0.353040823532327 0.531819977919671 0.11513923430203 0.00224110639182903
"33" 0 0.241132870887315 0 0.709192850445737 0.0496743087517775 0.00222980087380818
"34" 0 0 0.287342520019286 0.693979987538479 0.0186775223909512 0.00227305581355818
"35" 0.00393255335131955 0 0 0.854370550693001 0.141696929009788 0.00227856436969793
"36" 0 0.120497529867984 0 0.797384554897148 0.0821179639031393 0.00219276485696264
"37" 0 0.089009821641537 0 0.764109791775374 0.146880410234714 0.00230028561028351
"38" 0 0 0 0.818433285958614 0.181566771764966 0.00227101994600855
"39" 0.0516517667097123 0 0.0602339753804364 0.757433069213201 0.130681205283527 0.00223663945982885
"40" 0.150450636179584 0 0 0.637749478893959 0.211799909277736 0.00226740828990016
"41" 0.188190907926424 0.205060216169185 0 0.606748884895395 0 0.0021967469502718
"42" 0 0.332135056845532 0 0.57554073787166 0.0923270999898378 0.00225400786564046
"43" 0 0.0978105008058912 0 0.902189543232301 0 0.00226575390147899
"44" 0 0.1827705133064 0 0.786963365413507 0.0302661686548289 0.00227298999499209
"45" 0.111212294679184 0 0 0.848631042739651 0.0401567214809196 0.00228570928386511
"46" 0.0867001062435738 0.105412679893712 0.460468243898363 0.180083630640755 0.167335380496195 0.00215100965025836
"47" 0 0.215018294677824 0.0539003823736773 0.607624734230571 0.123456571176171 0.00223810378897502
"48" 0 0 0.0137115561286705 0.89577844774226 0.0905128412906488 0.00228931757253638
"49" 0 0 0 1 0 0.00228974830263766
"50" 0 0.38547480003167 0 0.506969680041531 0.107555525702175 0.00215937714917442
"51" 0 0 0.203508472776419 0.796491572763798 0 0.00222513433787536
"52" 0.00242921535577588 0.323360938731511 0 0.494340886714689 0.179871853771547 0.0022778421687066
"53" 0 0 0.273038790078108 0.726961258071525 0 0.00228880749565224
"54" 0 0.460500741836436 0 0.399967507213832 0.139531733639592 0.002208941821599
"55" 0 0 0 1 0 0.00236445925512209
"56" 0.0387973035930781 0.224940616424848 0 0.592586187154534 0.143678780290125 0.00228139744885242
"57" 0 0.072773140369543 0.0988587992621502 0.714760035455962 0.113608023661055 0.00228036730142945
"58" 0 0 0.124112048295698 0.713725147821799 0.162162867847718 0.00228654731338849
"59" 0 0 0.102898630645618 0.897101402694666 0 0.00227749375766283
"60" 0 0.166877433973975 0 0.713493601946282 0.119628983372238 0.0022380115415645
"61" 0 0.186303792087809 0 0.575241617316255 0.238457478262136 0.00226596714439726
"62" 0 0.229413063998148 0.0170677594295086 0.567397651857982 0.186121525428973 0.00226026171717727
"63" 0 0.354742543893227 0 0.499321058161668 0.145936407064461 0.00219501891789435
"64" 0 0.0548497899636677 0.0368484493462631 0.629071667559076 0.279230111656297 0.00221672095169312
"65" 0.0794164821205744 0 0.160820156644455 0.647712104062038 0.112051282491758 0.00220096567001617
"66" 0.0459237405325042 0 0 0.824849642887434 0.129226678669973 0.00230365268947308
"67" 0 0 0.056874737734343 0.73676938860429 0.206355904515125 0.00230819945247016
"68" 0 0.219400753318617 0 0.707156589615667 0.073442681455443 0.00226556481528738
"69" 0 0.258160404787083 0 0.604423023761214 0.137416600213332 0.00227519354881613
"70" 0.0815958054213842 0 0.117479825562175 0.622027972262097 0.178899279043295 0.00222729816808577
"71" 0 0 0.0969917155127821 0.835898780045572 0.0671095297166474 0.00227097583911841
"72" 0 0 0 0.906457710618858 0.0935423738795393 0.00227385748661844
"73" 0 0 0.323800154887304 0.580946224520792 0.0952536391156633 0.00226613441834503
"74" 0 0 0 1 0 0.0023898857901759
"75" 0 0.190039757824985 0.0697385629345826 0.667877515934384 0.0723441665637632 0.00225682444232615
"76" 0 0 0.286904620963825 0.713095396981205 0 0.00218851847823652
"77" 0 0.0719715647796968 0.090061598942563 0.837966856546611 0 0.00223671273899088
"78" 0.198136738275529 0 0 0.681832304847532 0.12003116838346 0.00223974940277393
"79" 0 0 0 0.887392971861412 0.112607060821506 0.00230131145195141
"80" 0 0 0.180967185462022 0.819032831699007 0 0.00227079273649351
"81" 2.21435932936807e-07 0.187330285912631 0.00678333462583951 0.616832898121655 0.18905608101707 0.0022959744912084
"82" 0 0 0 1 0 0.00228964872715429
"83" 0 0.153421024962528 0 0.645361116783625 0.201217910102571 0.00228232647324819
"84" 0 0.0443974187432513 0 0.955602559075968 0 0.00229586181915454
"85" 0.173392679805452 0 0 0.765942314944098 0.0606677661571778 0.00228274077572016
"86" 0 0.110308061886737 0 0.786843143645149 0.102848829710018 0.00228781271860304
"87" 0 0 0 0.845027520417112 0.154972541181068 0.00230726479066901
"88" 0.0848019513912805 0.0641032882991796 0 0.851094763333657 0 0.0022546773849702
"89" 0 0.0204705532175778 0.232868690344656 0.593908975667286 0.152751741524441 0.00225775682010036
"90" 0.0218433281181657 0 0.25738511332713 0.557433895539147 0.163337682610908 0.00225552814315323
"91" 0.12799178701175 0.176148406268374 0 0.453296683985642 0.242563130571117 0.0022009456796928
"92" 0 0 0.207098955998073 0.792901058608198 0 0.00224931236721008
"93" 0 0 0.136432545344183 0.735748679374183 0.127818826192058 0.00226131690700116
"94" 0 0.144291098404612 0 0.855709071222417 0 0.00227300089283272
"95" 0.250668858561427 0 0 0.749331127792371 0 0.00225849872312574
"96" 0 0.254740476348544 0 0.745259584892986 0 0.00228691517746734
"97" 0.0321904635932273 0.242730801732355 0 0.545092703697474 0.179986020835242 0.00226032396945805
"98" 0 0.183526592839395 0 0.785730448165363 0.0307430358883023 0.00225774455134613
"99" 0.00697683161753517 0 0.00150328516106359 0.837641918751876 0.153877997381037 0.00224723445169806
"100" 0 0.165328880290679 0 0.658647475269289 0.176023657907656 0.00225657808833894
"101" 0 0 0.013735847199549 0.79916419864292 0.187100015023966 0.00226422388472474
"102" 0 0.316936363533626 0.0424504951817479 0.438277829512373 0.202335313883447 0.00219187168964168
"103" 0 0.171648729163 0 0.757182732045295 0.0711685672097384 0.00224250210787779
"104" 0 0.127407685485709 0 0.712506330669455 0.16008612270585 0.00226236160205698
"105" 0 0 0.377226184346447 0.411792553547022 0.210982200486032 0.00224173902368082
"106" 0 0 0.239858504684269 0.760141515356356 0 0.00224850726813257
"107" 0.107046760045629 0.121146253239674 0 0.686905605637284 0.0849014029336472 0.00220913719276424
"108" 0 0.293349527395523 0 0.564909902599768 0.141740581696788 0.00227211825527909
"109" 0 0.0361538220617718 0 0.963846225311027 0 0.0022595659718885
"110" 0 0 0.164323706463506 0.675649255118045 0.160027058216137 0.00224345567001769
"111" 0 0.409052564672291 0 0.422632956027806 0.168316194605188 0.00219006442178517
"112" 0 0 0.125959130363403 0.874040906333617 0 0.0022529720326181
"113" 0 0.150519811524767 0 0.560257593727101 0.289222587149484 0.00216717069506359
"114" 0 0 0.283654900764278 0.441797224355105 0.274547917855492 0.00224772461891712
"115" 0.00426982696197174 0 0.139404606549849 0.776556020401257 0.0797695684868142 0.00232371868723055
"116" 0 0.205508459349799 0 0.794491587291405 0 0.00225507601782634
"117" 0 0 0.234881916494509 0.640065880488548 0.125052219090922 0.002190235208165
"118" 0 0 0.077227730307804 0.783328366382136 0.139446724091018 0.00225324941089951
"119" 0 0 0.088734302946089 0.911265751182115 0 0.00231180406163478
"120" 0 0.271626083604989 0 0.728373933597478 0 0.00226668824089956
"121" 0 0 0.117001310608795 0.826682231330864 0.0563164893925547 0.00228539843086428
"122" 0 0.264885076890439 0 0.649567191492183 0.08554774989456 0.00221549398451902
"123" 0.0476135395676364 0 0 0.923196555110351 0.0291899530939619 0.00230769762664413
"124" 0 0.213225415991518 0 0.616021293136677 0.170753306823085 0.00221094835832245
"125" 0 0 0 0.875168434883831 0.124831632052993 0.00228120831994939
"126" 0 0.199482283926548 0 0.578351486962177 0.222166214411395 0.00223279767592422
"127" 0 0.498090523204234 0 0.356062127349415 0.145847349896834 0.00221278060646311
"128" 0 0.11410843054158 0 0.675648458079075 0.21024315279225 0.00226738716356449
"129" 0 0 0.336969209076056 0.46532043737972 0.197710370033827 0.0022182940220091
"130" 0 0 0.376671510504007 0.498490878186251 0.124839074987984 0.00226186551404878
"131" 0.168684171568131 0.102955307482149 0 0.72836054873251 0 0.00219228646144701
"132" 0 0 0 0.85410595179403 0.145894100868357 0.00229734997033099
"133" 0 0.148906945975671 0 0.851093087114474 0 0.00231608821072095
"134" 0 0.0889139592425162 0.156572059034859 0.754513997257015 0 0.00223911835948457
"135" 0.0464003353796153 0.138844633638676 0 0.593557340790766 0.221197717266107 0.00224209518726943
"136" 0 0 0.268615814438272 0.629881832759379 0.101502430296087 0.00225064275211739
"137" 0 0.135255513254418 0.140285583363094 0.629555193225548 0.0949037393445707 0.00221647549796509
"138" 0 0.195151912761018 0.17651278465729 0.596395487371183 0.0319398007076191 0.00218665335007158
"139" 0.145112312472239 0 0.180128893134556 0.444110467966619 0.230648337083276 0.00220760065241304
"140" 0 0.0517753380800175 0.156111110994067 0.530417146182083 0.261696428808619 0.00225224235116073
"141" 0.0971125191696715 0.134136654175708 0 0.720170640853496 0.0485802544476834 0.00225148923826995
"142" 0 0.411429845459612 0 0.510802823351866 0.0777674044218084 0.00216669011052538
"143" 0 0 0 0.907990635823289 0.0920094043341525 0.00229533530435485
"144" 0.0155258790641801 0 0.16967834094045 0.570809548468992 0.243986217821207 0.00223210163914727
"145" 0.0853013681219534 0.23812954747275 0 0.474995388621716 0.201573713103058 0.00226251448177935
"146" 0 0 0.293941926733267 0.706058113303731 0 0.00223143247285174
"147" 0 0 0.107183805426838 0.771808469539752 0.121007762792153 0.00229458250228716
"148" 0 0 0.287440004807361 0.539645185291871 0.172914842107629 0.00220785059518495
"149" 0.147123470856857 0 0 0.690612949057543 0.162263677605601 0.00224244377627332
"150" 0 0.190575210353143 0 0.713003374702423 0.0964214861968793 0.00225064509624017
"151" 0 0.0571383057480059 0 0.942861679518702 0 0.00229906643934688
"152" 0 0.212110668510302 0.0450414744159348 0.742847844039698 0 0.00220062643200234
"153" 0 0 0 0.7711137377289 0.228886280396631 0.00225982796347337
"154" 0 0 0.244184517718494 0.642068264823484 0.113748429159119 0.00223090368720836
"155" 0 0.200635448238882 0 0.405855701775923 0.393508931560498 0.00221488380468327
"156" 0.0546603740422777 0.00691643608911078 0.177582143886468 0.606107596785722 0.154733469693812 0.00221832564415393
"157" 0 0.00522267573193023 0 0.778476900981381 0.216300466232727 0.0022497154981125
"158" 0.165520913215183 0 0.0570703977582106 0.636796046929662 0.140612657862363 0.00222628819211174
"159" 0.140621958044584 0.0434922860046858 0.0998057748936797 0.716079964054517 0 0.00223681566730516
"160" 0.0389306247105772 0 0 0.897028470006249 0.0640410027670226 0.00230045254809704
"161" 0 0 0 0.954763672570343 0.0452363893866283 0.00234727643797744
"162" 0 0.0783265973155706 0 0.921673385717178 0 0.00232067207976262
"163" 0 0 0.246579986491858 0.75342005230351 0 0.00229342797055172
"164" 0 0 0 1 0 0.00229307893071058
"165" 0 0.321471305205737 0 0.512163192624983 0.166365540639485 0.00220343456873537
"166" 0.152085653323393 0 0.08969168737378 0.597728065988321 0.160494586133212 0.00219283735867062
"167" 0 0.236638917560137 0 0.579149910406883 0.184211189361916 0.00223470392123801
"168" 0 0 0.187107994713384 0.81289204147456 0 0.00225043223224863
"169" 0 0.116769436752299 0 0.733042388275251 0.150188200519332 0.00229545835253843
"170" 0 0 0.382393919486627 0.473746034968019 0.143860066836686 0.00222639698590901
"171" 0 0 0.141874450570182 0.695247098626196 0.162878448137147 0.00226145477627198
"172" 0 0 0.127602325707539 0.728594325805591 0.14380337281842 0.00223151852171349
"173" 0 0.340260223207618 0 0.548183473547489 0.111556333221468 0.00221834524102547
"174" 0.0218980259241529 0.239114421139954 0 0.632517162575213 0.106470401285534 0.00227650787911895
"175" 0.10323747105526 0 0 0.87211068109062 0.0246518739674047 0.00227501391434618
"176" 0 0 0.11027358519771 0.712584290236062 0.177142139688141 0.00228308007279815
"177" 0 0.197268187261339 0 0.754966044616679 0.0477684617470236 0.00226068103475806
"178" 0 0.17588960060727 0 0.824110448062998 0 0.00227839216992069
"179" 0 0.393323909452771 0 0.385385780237846 0.221290316696305 0.00216656525421582
"180" 0 0.421612618563719 0 0.338870879348637 0.23951650429088 0.0021807626546963
"181" 0 0.164452509032125 0 0.835547567084554 0 0.00224240213780268
"182" 0 0 0.24895588764301 0.661650193052668 0.0893939400267195 0.00226233456784141
"183" 0 0.193436171124016 0 0.581777852465229 0.224785987272551 0.00223012356855128
"184" 0 0 0.452982841153934 0.542317054843794 0.00470015772877784 0.00223101872890053
"185" 0 0.0570664792030421 0 0.710371846905177 0.232561733572635 0.00233719602766797
"186" 0 0.0472312211295891 0 0.786638865517485 0.166129956668377 0.0022919300514433
"187" 0 0.117764501373499 0 0.832152578677985 0.0500830053754138 0.00226141256784182
"188" 0 0 0.220321686763331 0.768149031437614 0.0115293384439784 0.00227336665065581
"189" 0 0.000225002193420013 0.168091592822595 0.637116304540335 0.194567109256679 0.0022656601909288
"190" 0.0346643510080348 0 0 0.740663814042717 0.224671863628907 0.00228816920734999
"191" 0.00691900689122559 0 0 0.919987833842788 0.073093232156486 0.00230322699153172
"192" 0.0766131227967454 0 0 0.923386908788587 0 0.00229078633542056
"193" 0 0 0.114709554712002 0.67159981915619 0.213690706301503 0.00230564066657078
"194" 0 0 0.195086988920439 0.80491305080266 0 0.00228519637010415
"195" 0 0.151863001311064 0 0.641914557916463 0.206222461055846 0.00224904026840002
"196" 0.0931557711186789 0 0.289548768083855 0.58071097521846 0.0365844915127073 0.00217562560568164
"197" 0 0.00101074222568803 0.215802928113864 0.634575618835028 0.148610735910858 0.00213825861600322
"198" 0 0 0 0.767643051455832 0.232357002677804 0.00233255644144194
"199" 0 0 0.303477012877558 0.557958501956492 0.13856451700562 0.00223140947872833
"200" 0 0.166332722233139 0 0.833667309099414 0 0.00226925909981138
"201" 0 0 0 0.979468731755758 0.0205313362836482 0.00234437374789147
"202" 0 0.347449659853125 0 0.652550383430565 0 0.00226264577390628
"203" 0 0 0 0.916266178539476 0.0837338343331112 0.00228865449184144
"204" 0 0 0.274352227271581 0.571808210183452 0.153839594172386 0.00222045989026607
"205" 0 0.257521698725403 0 0.557365348395507 0.185112968988711 0.00223591004256605
"206" 0 0.157865539332414 0 0.555868668674603 0.28626582582312 0.00223380075107857
"207" 0 0 0 0.770276884060201 0.229723167078366 0.00230968610926153
"208" 0.0307049050357366 0 0.0834111031778563 0.724953985154819 0.160930008505114 0.00222885278261423
"209" 0 0 0.164374862975996 0.682477525518952 0.15314768065709 0.00231455690288521
"210" 0 0 0.171399756943747 0.698156145510648 0.130444137114029 0.00227779302497097
"211" 0 0.0780653341907153 0.139665580938199 0.703837923463429 0.0784340541717365 0.00224504972867041
"212" 0.0533293117761537 0.0468100910394722 0 0.701173254387481 0.198687416614982 0.00227531891389808
"213" 0 0 0.273949554278413 0.726050495578052 0 0.00214243885975651
"214" 0 0.15005915632453 0 0.708608841873836 0.141332015585242 0.0022828318829107
"215" 0.266007369229899 0 0 0.672187145761895 0.061808394011205 0.00225451137537964
"216" 0 0 0.204727875019054 0.790785932869199 0.004486233307066 0.00225090573910782
"217" 0 0.139774796180043 0 0.650916257751605 0.209308975206681 0.00222718696706742
"218" 0 0 0.490576212052657 0.509425817533123 0 0.00220707378668789
"219" 0.0243065829738901 0.0731694633765426 0 0.809914993853955 0.092609038541824 0.00223011258712935
"220" 0 0.171761280878513 0 0.777598616299306 0.0506401543563592 0.00230498011988736
"221" 0 0.153998258231536 0 0.688393538876463 0.157608211945901 0.00226663589218691
"222" 0 0 0.268565861927009 0.731434178551003 0 0.00227179661314303
"223" 0.214433479826387 0 0 0.785566544865372 0 0.00223665856274181
"224" 0.0932996089548109 0 0 0.855028179269472 0.0516722024360983 0.00225533690002257
"225" 0 0 0.0522488160849228 0.939073531430933 0.00867769144372154 0.0023286303144611
"226" 0 0 0.167288440266951 0.743816657721154 0.088894929255806 0.00227077210398387
"227" 0.0456685528297925 0 0 0.73217752282808 0.22215680655967 0.00221087310210943
"228" 0 0.0185534275845961 0.217073180629911 0.652028964556185 0.112344415322253 0.00220548046982354
"229" 0 0.12108814553413 0 0.7404831888744 0.138428696846466 0.00225846512897171
"230" 0.0618577829003001 0.0068385250445742 0 0.840384893597295 0.0909188515319829 0.00224872022034254
"231" 0 0.1481707708291 0 0.782171024357232 0.0696582927179339 0.00230749485928944
"232" 0 0.257880303598407 0 0.726253503743707 0.0158662413406371 0.00225216549547029
"233" 0 0.217551307247717 0 0.782448674307566 0 0.00227061900873378
"234" 0 0 0.216207139644913 0.629017749079043 0.154775128191659 0.0022335038642498
"235" 0 0.179060507742764 0.0671723775018246 0.75376710356816 0 0.00218532391397127
"236" 0 0 0 0.830196008354737 0.169804058797142 0.00227469675229088
"237" 0 0.0423093649178247 0.0734022907376961 0.863692802036925 0.0205984649470724 0.00228566118372544
"238" 0 0.218004588102925 0.0822112818015115 0.699784101760808 0 0.00221680500153679
"239" 0 0 0.24519894060179 0.57167065312087 0.183133056843865 0.00227086941401221
"240" 0 0 0 0.965435548811469 0.03456445929661 0.00226354453660719
"241" 0 0.232145721462773 0 0.596704183606748 0.171150056855169 0.00230992833464475
"242" 0 0.353921572915494 0 0.646078470264986 0 0.00230237158424694
"243" 0 0.0721902511644497 0.136572917308391 0.587949257334863 0.203287542660688 0.00228081930703565
"244" 0 0.206407680671286 0 0.5595922762316 0.234002864282982 0.00221675312424706
"245" 0 0.195188485090792 0 0.66527136906301 0.139540171096342 0.00228535034999346
"246" 0 0 0.257622255296257 0.742377731366125 0 0.00226258594155512
"247" 0.06570329186283 0 0 0.827451508981342 0.106845248309121 0.00226517998719537
"248" 0 0 0.146770585210626 0.826932245399529 0.0262972435596892 0.00232086917857829
"249" 0 0.0257190014333702 0.184926706601961 0.627730684208846 0.161623606180703 0.00222055126886643
"250" 0 0.153024334944827 0 0.846975719843865 0 0.00231092199483344
"251" 0.0937018011778566 0 0 0.906298246326411 0 0.00223119701561335
"252" 0 0 0.102716451839048 0.897283602331419 0 0.00228468064740866
"253" 0.109408484630017 0.17329462202913 0 0.524631527330809 0.192668240893756 0.00223906424835016
"254" 0.0849580090709483 0.23361920226085 0 0.564596652120309 0.116826155360641 0.00224073384914384
"255" 0 0.138222234633544 0 0.748739847474405 0.113040087893238 0.00229195192264047
"256" 0 0 0.2058710005908 0.723479866619119 0.0706491961523196 0.00225869592895136
"257" 0 0 0 0.793642889393645 0.206357144897787 0.00223393447889088
"258" 0 0 0.0139261465628063 0.888420403756644 0.0976534654833461 0.00226107292600766
"259" 0 0.5265071908218 0 0.351548923248482 0.121943915750944 0.0022299755543498
"260" 0 0.130637710520835 0 0.585033181629827 0.28432915342435 0.00224084867564045
"261" 0.0889686530132258 0 0.200583051170069 0.594681744833944 0.115766580870421 0.00224702576187865
"262" 4.82193103256258e-07 0 0.17552009407282 0.824480274367064 0 0.00225312433853326
"263" 0 0 0.354998542731348 0.645001512302855 0 0.00221730439401165
"264" 0 0.331093961033827 0 0.41709356891505 0.251812553550451 0.0022287794317786
"265" 0.126922116717814 0 0.110437560288502 0.615564291399432 0.147076070840465 0.00224301311494312
"266" 0 0.277575633712159 0 0.658411599349444 0.0640127915950583 0.00224255926839886
"267" 0 0 0.158722821335462 0.680896726394371 0.160380464955221 0.00224223383952845
"268" 0 0 0.211637467129698 0.663271335448393 0.125091260835947 0.00224036066284685
"269" 0 0.0426528643241179 0.26557138701398 0.536922227742512 0.154853535384275 0.00220774457639869
"270" 0 0.214844117941804 0 0.653710328620083 0.131445602155887 0.0022446387399359
"271" 0 0.294360941684551 0 0.540383581290318 0.165255506142362 0.00225708173596383
"272" 0 0.168792621073883 0.115308313198993 0.578091785952717 0.137810166052851 0.00220385828377809
"273" 0 0.110728837505024 0 0.603721466533562 0.285549725514135 0.00226279732457838
"274" 0 0.271652341228821 0 0.699191871806272 0.0291558169606899 0.00224549370885629
"275" 0 0 0 1 0 0.0023052973235889
"276" 0 0.304477835484627 0 0.678069145118023 0.0174558146037344 0.00221150363638764
"277" 0 0.315527909171164 0 0.665273353582515 0.0191987384829407 0.00225258683728356
"278" 0.0580906743063262 0.135996114469224 0 0.703327796493169 0.102585480027201 0.00219288393056308
"279" 0 0 0.0598397763003661 0.806704133594587 0.133456189485468 0.00225368266226483
"280" 0 0.110249049752718 0 0.779827228595489 0.109923802977991 0.0022864263687964
"281" 0 0.31993014767831 0 0.540205773302786 0.13986408660612 0.0021678575885351
"282" 0 0 0 0.743037364636598 0.256962664521551 0.00227345036650926
"283" 0.0287134397125192 0 0.264234578767285 0.557756706742237 0.149295293662869 0.00221583468790638
"284" 0 0 0.195869806049062 0.804130256680975 0 0.0022710620740851
"285" 0 0 0 0.967770673398757 0.0322294089258085 0.00231180507606033
"286" 0 0.215536475884085 0 0.784463500551688 0 0.00226172520470397
"287" 0.146789396216301 0.179943477308562 0.0664237823725737 0.416394999798303 0.190448355625049 0.00218954571967039
"288" 0 0.141830851784122 0.137516392121434 0.720652818242047 0 0.00227043595007995
"289" 0 0.273579161706125 0 0.458873725870345 0.267547178033694 0.00225228981029212
"290" 0 0 0.148964684399674 0.715110454657878 0.135924887688717 0.00229356444363297
"291" 0 0 0.341456963205895 0.596625017879051 0.0619180298543231 0.00222518131754229
"292" 0.107814322325214 0.216394456063681 0 0.596734349621007 0.0790569161249051 0.00222536218834407
"293" 0.0680409532216562 0 0.152281340310053 0.604826264126543 0.174851541740152 0.00219969723749601
"294" 0 0.0333017454253432 0.147733944758035 0.77025529367052 0.0487090152566529 0.00223368569966618
"295" 0.211575318635303 0 0 0.669388290031052 0.119036463385467 0.00227313934116002
"296" 0 0.209639491710706 0 0.473904660767719 0.316458765540715 0.00217082148230164
"297" 0 0 0 1 0 0.00234179670369711
"298" 0 0.094150353348407 0.179208129280955 0.72664438420074 0 0.00225042738730595
"299" 0 0.263171379958929 0 0.511852290909538 0.224976429176789 0.00222158400819568
"300" 0 0 0.075352461512397 0.901750456486206 0.0228971155535383 0.00226752263435127
"301" 0.193581814638706 0 0.0172011772500126 0.709513212979335 0.0797066699619544 0.00219472561586889
"302" 0.00594345430879048 0 0.193083882302611 0.641500881053591 0.159471769508846 0.00223219555017496
"303" 0.0564356542042364 0.149340102286457 0 0.549487678623887 0.244739430507019 0.00223980619887245
"304" 0 0.0767243029865446 0.193369026998525 0.60242631933018 0.127483283080092 0.00220372009005911
"305" 0 0 0.117185744870148 0.88281552712708 0 0.00226401734515422
"306" 0 0.144627467051183 0 0.650368342223313 0.205004205118582 0.00221227366902954
"307" 0 0.0794036322155322 0.177601472011562 0.435654331001138 0.307340561459517 0.00220044533502337
"308" 0 0.207949213720703 0 0.573174789096023 0.21887598203057 0.00222426775851804
"309" 0 0.0126553659063995 0.327818207276796 0.467719341339149 0.191807068438879 0.00219737227220769
"310" 0.169605969313565 0.119262050810152 0 0.711132030318678 0 0.00218841406042823
"311" 0 0.148920906222616 0 0.689170909109507 0.161908165529577 0.00217663508839701
"312" 0 0.0531898404696695 0.31909793490408 0.500623472525624 0.127088739010893 0.00223251478467771
"313" 0.00677206451118431 0 0.3288069837269 0.512916168377546 0.151504760327426 0.00219854733330508
"314" 0.127372308962053 0.230601585996938 0.14349436221592 0.498533814508364 0 0.00215339408868335
"315" 0 0 0 0.742105250649226 0.257894779072429 0.00227488116865297
"316" 0.0712481039413227 0 0.25949744230057 0.497067094148277 0.172187425564239 0.00221880739700885
"317" 0 0.082564928211245 0.0919425416333745 0.825492546921033 0 0.00223638342239231
"318" 0 0.253626407882226 0 0.746373617356974 0 0.00223806544993643
"319" 0 0 0.100376921828256 0.781675024832599 0.117948078233976 0.00223837120757869
"320" 0 0 0 1 0 0.00230208600532966
"321" 0.00618639316443841 0.141134582126887 0.125997377307786 0.553692380573556 0.17299216761986 0.00223231900085774
"322" 0 0.315277223825771 0 0.51487529599287 0.169847874193474 0.00223253716211494
"323" 0.0560019751956441 0 0.0874677652464863 0.676045167738589 0.18048514805858 0.00221581612373284
"324" 0 0 0.366082398831028 0.529598429429016 0.104320862024739 0.00225245730761884
"325" 0 0.322275949271044 0 0.574460391211606 0.103266573862539 0.00221616482535094
"326" 0 0.21154063845423 0 0.603633335994092 0.184828901126108 0.00220306529021673
"327" 0.0773884084009271 0 0 0.753948746458724 0.168662885546378 0.00224067692981173
"328" 0.0514941506872644 0 0.168406745757852 0.488649399329057 0.291452620349348 0.0022027590941321
"329" 0 0.221429264821064 0 0.630239468621639 0.148331293139491 0.00227441222469937
"330" 0.120758869622958 0 0.300496827109524 0.51618381266507 0.0625633785446424 0.00217797204961271
"331" 0 0.14015039641156 0 0.851144725505493 0.0087049213474366 0.0022570592655947
"332" 0 0.102292379534717 0 0.67543506928421 0.22227262544386 0.00223623193925532
"333" 0 0 0.109323024102261 0.7036974811351 0.186979523747228 0.00222455132766443
"334" 0 0 0 0.904545105332191 0.0954548541751195 0.00229880392212286
"335" 0 0.120052540287915 0 0.735430899492621 0.144516594579064 0.0022660583362725
"336" 0 0 0.14148204866277 0.738662288275344 0.119855751279725 0.00222008304397109
"337" 0 0 0.0218742113198735 0.978125834821444 0 0.00228190677068875
"338" 0 0.172805606911348 0.14085641494911 0.627375348891615 0.0589626074855844 0.00225498440705645
"339" 0 0.157920294667484 0 0.83444829236281 0.00763144462452341 0.00227643919113838
"340" 0 0.158760861232596 0 0.841239118286947 0 0.00225980066147257
"341" 0 0 0.0328516571455364 0.743046300292124 0.224102103236285 0.00225957198192372
"342" 0 0 0.378158144659646 0.551841096079637 0.0700008214790873 0.00221989137150211
"343" 0 0 0 0.978865300829574 0.0211347185785215 0.00228169775791132
"344" 0.0839774339976444 0 0 0.784415572342332 0.131607170651287 0.00228604221927779
"345" 0 0.234042246837717 0 0.670503124065735 0.0954546435528249 0.00219414110103214
"346" 0 0 0.189564576267178 0.741424941833395 0.0690105803514354 0.00223551147125051
"347" 0 0.236948746570298 0 0.604827251385389 0.158224038246592 0.00225191671089919
"348" 0.162517587080934 0.25217979552258 0 0.585302656702386 0 0.00222846604165708
"349" 0 0 0.275406058800798 0.532815286796486 0.191778666147335 0.00223762626225778
"350" 0 0.0271807700460966 0 0.864374809111899 0.108444442921095 0.0022821715681481
"351" 0.090897242557266 0.019643641497506 0 0.749169972752683 0.140289182015938 0.00230945449019229
"352" 0 0 0 1 0 0.00223779910644286
"353" 0 0.208496519969123 0 0.639160582632896 0.152342914983507 0.00223529840191072
"354" 0 0 0 0.762669656860746 0.237330381635962 0.00229429389274007
"355" 0 0.120242973793282 0.15569972027692 0.724057274713874 0 0.00221035947427175
"356" 0 0 0.109929464678278 0.750969211700132 0.139101354069605 0.00227823590152256
"357" 0.0936126617351916 0 0.182823613104526 0.723566550953238 0 0.00222473857075857
"358" 0.0443027962551449 0 0 0.794539196026804 0.161158079008127 0.00226838979652974
"359" 0 0.114826014440096 0.126823165827364 0.642672538057138 0.115678271089282 0.00222765419407419
"360" 0 0.20836580035515 0 0.778721747093355 0.0129125177933198 0.00223689407741843
"361" 0.14092171446805 0.0796950370299333 0 0.779383296770302 0 0.0023170752912606
"362" 0.0241032478106159 0.254591596343602 0.0213457985465695 0.5815342613589 0.118425103388939 0.00221609245689912
"363" 0 0.0334649782537213 0.174800139485346 0.762146413676094 0.0295885623510394 0.0022396279575692
"364" 0 0.0456856971912935 0.113482196126891 0.752992417460272 0.0878396615573909 0.00226007217937341
"365" 0 0.134087148128566 0 0.616248556404601 0.249664282650192 0.0022360225471987
"366" 0 0.378631827110953 0 0.511286767016302 0.110084291596379 0.00223664565532289
"367" 0 0 0.258907960242212 0.684082701572671 0.0570118575065018 0.00217445482850316
"368" 0.0048731495025478 0.255017577994304 0 0.561535713189813 0.178576424062412 0.00216141872363979
"369" 0 0 0.213477516710944 0.786522527337332 0 0.00229604205068713
"370" 0 0 0.0947253643980828 0.7459435850487 0.159331071182072 0.00222584472152498
"371" 0 0 0 1 0 0.00233074638632954
"372" 0 0.0994724621429865 0.0568750791459147 0.653819077519811 0.189833374996024 0.00230587336074692
"373" 0 0 0 0.689183326838932 0.310816707279414 0.00226666535407494
"374" 0.175932875349459 0 0 0.824067157540555 0 0.0022556632846544
"375" 0 0 0 0.929462079947672 0.0705379683416065 0.0023356459750487
"376" 0 0.172799013798665 0 0.684351238334512 0.142849797668916 0.00228925379795282
"377" 0 0.122848091976539 0.197096976981205 0.640744846163583 0.0393101105510777 0.00223382625468291
"378" 0 0.161931212628124 0 0.768070825518785 0.0699980012195809 0.00226593992718622
"379" 0.0936659125544256 0.00517333367374618 0 0.732154559303047 0.169006210137288 0.00217913875827128
"380" 0 0 0.160061326878194 0.824818193956548 0.0151205704413641 0.00228558453578152
"381" 0.306615416702398 0.0268336978083172 0 0.538856584194237 0.127697205044836 0.00218343736538746
"382" 0 0 0 1 0 0.00232194689980741
"383" 0 0 0.0900241315466866 0.909975899606399 0 0.00230148948346164
"384" 0 0 0.25583219442549 0.74416776872299 0 0.00228163691854542
"385" 0 0.222394080751078 0.0499146434589305 0.666428328423297 0.0612630260748341 0.00225866870260941
"386" 0 0 0.209760320343545 0.621754875979079 0.168484812313337 0.00224585752152273
"387" 2.02360187460394e-06 0.0851030633378066 0.165343757180227 0.563478012748372 0.186076053866613 0.00225007435641462
"388" 0.153434425850064 0 0 0.846565843118454 0 0.00232150461641276
"389" 0.00882381161749898 0.216442961642895 0 0.714007101002375 0.0607290294882434 0.00222617976119867
"390" 0 0.0700531730424254 0 0.908600180767114 0.0213466767945844 0.00227080671436036
"391" 0 0.381553369025544 0 0.527377196460198 0.0910694969888782 0.00221946018278799
"392" 0 0.191756169150966 0 0.77714461254596 0.0310992531906148 0.00226439582807002
"393" 0 0.241534402989395 0 0.496929116202679 0.261536508491319 0.00222491723699688
"394" 0 0 0.267033617166976 0.618093459103131 0.114872912930045 0.00227069311746897
"395" 0 0 0 1 0 0.00230364691989202
"396" 0 0.539002832716375 0 0.437448556728837 0.0235515256893568 0.00220181990875563
"397" 0 0.256475053240175 0 0.617694830185969 0.125830138781188 0.00223316808867347
"398" 0 0.265116952762979 0 0.54769114848291 0.187191924281568 0.00221880775187209
"399" 0 0 0.420551217494787 0.468033115204587 0.111415787274534 0.00220345963085294
"400" 0 0.187960195156178 0.226414961966726 0.562084650760998 0.0235401670783261 0.00220858489301182
"401" 0 0 0.0254263202050321 0.84736861526818 0.127205122850295 0.00229273922758718
"402" 0 0 0.108411887320931 0.891588160967855 0 0.00230145534259567
"403" 0.0251214495447645 0 0.139217663159394 0.835663707956802 0 0.00231032032197837
"404" 0 0 0 1 0 0.00230120857225148
"405" 0.00914694215626021 0.277624693848965 0 0.713228352781242 0 0.00225883018083763
"406" 0.0683182032656714 0 0.372316214803546 0.432346343032437 0.12702210957738 0.00216888831495646
"407" 0 0 0.0514134378553972 0.727305728169455 0.221280869032828 0.00223730686924744
"408" 0 0.0109687180592923 0.102794586806752 0.707305649893306 0.178931046250717 0.0022505924435332
"409" 0.0483722414230646 0 0.18106329290145 0.770567330286171 0 0.00220318464396915
"410" 0 0.291777254699154 0 0.708222827260006 0 0.00226301227995985
"411" 0 0 0.0783714550718659 0.737713047678796 0.183915547003659 0.00221057497636306
"412" 0 0.264184220063393 0.10440593158491 0.456583182122895 0.174826631089496 0.00221063956003669
"413" 0.058798206012601 0.387112819460601 0 0.403195690750266 0.150896190031834 0.00219103935735516
"414" 0 0.118006086519401 0.0462431977700963 0.773062103961577 0.0626911094344038 0.00225049091335261
"415" 0 0 0.129300368782332 0.712142756963001 0.158556912177662 0.00228733633267509
"416" 0.0740187926214567 0 0.0760018530152375 0.849979384933797 0 0.00222413136074386
"417" 0 0.239611012457195 0.0417168434552016 0.519091283281143 0.19958083799897 0.002226948600464
"418" 0 0 0.108431059118712 0.891568920383128 0 0.00230560675397511
"419" 0 0.17323536298208 0.164117739292948 0.591810970528396 0.0708359609258168 0.00222238926428953
"420" 0 0 0.233473758180943 0.719212167052492 0.0473141568302607 0.00221535195161843
"421" 0 0.0908099794260152 0.13638116591967 0.597685324933904 0.175123553421527 0.00225364068554277
"422" 0 0 0.184443704118821 0.610883574354565 0.204672762702495 0.0022326071102518
"423" 0.0616354205740158 0 0 0.938364993591822 0 0.00231705478758747
"424" 0.0364929383024278 0.0478426219420098 0.0695567972438805 0.768274458987368 0.0778332050508451 0.00219314002373557
"425" 0 0.140413323207489 0 0.591140516019059 0.268446167672108 0.00225656270459606
"426" 0 0 0.0828516135731625 0.787575159803736 0.129573880912379 0.00225607071492691
"427" 0 0 0.156822399599558 0.843177641977327 0 0.00226443711286746
"428" 0 0 0.290220650752025 0.709779375715556 0 0.00227648289445521
"429" 0.121302540846971 0.122573767437372 0 0.693163804053151 0.0629599190027564 0.00223992768697562
"430" 0 0 0.148555591209998 0.661465456185968 0.189978975036147 0.00225407111691557
"431" 0.0612408328938339 0 0 0.938759187835689 0 0.00225910272520502
"432" 0 0 0.372124791143033 0.355837883598972 0.272037311515611 0.00221685655356655
"433" 0 0 0.292147510279606 0.530183560188658 0.177668998300368 0.00227081337741951
"434" 0 0 0.147426543295871 0.713574881042602 0.139001450857757 0.00227834786714301
"435" 0 0.221510172936197 0 0.778489887157256 0 0.00233948600913538
"436" 0 0.123641293307854 0.135349783770842 0.695559746645729 0.0454518641973234 0.00216987671996659
"437" 0 0 0.169041375512234 0.830958666555984 0 0.00230350980265825
"438" 0 0.0444964169427677 0.0708674784598673 0.728384580611859 0.156251507548811 0.00224991954329232
"439" 0 0 0.366569610565999 0.62993844988542 0.00349195444824667 0.00223013122437556
"440" 0.0480115701163623 0.0757794246234888 0.0668830866773743 0.608270915158523 0.201057897251564 0.00226864635752818
"441" 0 0.143140009189296 0.0568682138769051 0.681815053016816 0.118176727677086 0.00223631858469377
"442" 0 0 0.156496984675025 0.678205415590755 0.165297618734335 0.00227151356220189
"443" 0 0.149655954921869 0 0.682828341873056 0.167515754682265 0.00225554405845828
"444" 0.0988458379845933 0.0984201652255317 0 0.549549845351508 0.253184132673527 0.00218560508845701
"445" 0 0 0 1 0 0.00238340786906336
"446" 0 0.0397029886491014 0 0.839111772335342 0.121185286571118 0.00229155796154679
"447" 0 0 0.209041691120935 0.626669000032589 0.164289353108753 0.00221974880331809
"448" 0 0 0 0.883050749009915 0.116949307165827 0.0023039491723613
"449" 0 0.117772853908994 0.107145116796901 0.775082002264069 0 0.00223298532472181
"450" 0 0 0 0.8952852508259 0.104714794643073 0.00229304102910345
"451" 0 0 0 0.9934265530074 0.00657345643627127 0.00234091909621428
"452" 0 0 0.402840398616403 0.597159604814453 0 0.00224412134028898
"453" 0.0883543511583264 0.164504773997322 0 0.425857085964999 0.321283874836859 0.00222543071596794
"454" 0 0 0.00241946716549549 0.942005086980285 0.0555754855814475 0.00230439744316677
"455" 0 0.298077816505517 0 0.701922209528784 0 0.00227132802994145
"456" 0 0.23359027863814 0 0.743464662639042 0.0229450861551317 0.00227843934782666
"457" 0 0.0943948118132572 0 0.79889257348758 0.106712670130021 0.00227193058463718
"458" 0 0.100086042177648 0 0.899913991054354 0 0.00229512176095125
"459" 9.99041539055382e-07 0.0571945616828335 0 0.789653143182867 0.153153767030825 0.00230026794722384
"460" 0.157558169582318 0.026762228550659 0 0.815679622380227 0 0.00230175148038676
"461" 0.182250883689321 0.159826954959041 0 0.63456994318236 0.0233522531015513 0.00218403015388416
"462" 0.0826383106556455 0 0 0.857774419929303 0.0595873019614024 0.00224609432552673
"463" 0.0850006153940243 0.1028108937474 0 0.52859188863303 0.283596603964872 0.00221535528289705
"464" 0 0.18348539920962 0 0.736255534650893 0.0802591071586195 0.00221514246472493
"465" 0.0129897759986516 0 0 0.884187694057058 0.102822585499458 0.00228629726516906
"466" 0 0.243301995753086 0 0.756698077608551 0 0.00226270943160784
"467" 0 0 0.00823985852093052 0.690659857158574 0.301100351934378 0.00226064761991092
"468" 0.110661057851834 0 0.0540818724209495 0.770205721246909 0.0650542272015803 0.00230562975011823
"469" 0.146523186406455 0 0 0.853476960887485 0 0.00220999435973492
"470" 0.0865622427839829 0.317854088492064 0.00471547767246221 0.46668035329043 0.12418780882982 0.00220677657079593
"471" 0 0.106608862952895 0 0.693508834838801 0.199882350222294 0.00229284167052289
"472" 0 0 0.0609077521695914 0.683876991885321 0.255218123621316 0.00228200341558111
"473" 0 0.19259395800807 0 0.543095595335328 0.264310432978532 0.00224953145450167
"474" 0 0 0.173145814148911 0.722984997783952 0.10386924065294 0.00226000938324924
"475" 0 0.0763922379777606 0.131372845175363 0.635114913676934 0.157122826750965 0.00222277410762863
"476" 0 0.245901351013234 0 0.71252468220478 0.0415751241956051 0.00227489410585479
"477" 0 0.190341801644472 0 0.660743402840185 0.148914824201267 0.00230760901576336
"478" 0 0.219006420220482 0 0.780114946431611 0.000878702803983789 0.00223734631504439
"479" 0 0 0.21851990151253 0.555222498003245 0.226257623727938 0.00219033883825933
"480" 0 0 0.184668953541798 0.6899285972988 0.125402505882185 0.00224734843033855
"481" 0 0 0.327073341660763 0.499513047068963 0.173413724246247 0.00224359280336238
"482" 0 0.143712302063243 0 0.795471185552598 0.0608165274640634 0.0022799980419429
"483" 0 0.105040572083397 0 0.723453508404806 0.171505958731583 0.00220177034085288
"484" 0 0 0.305213095609577 0.575705288915413 0.119081689094618 0.00225274460387229
"485" 5.02397315805286e-05 0.104782845433973 0.0287218074724855 0.687996048178293 0.178451552416194 0.00224840172761244
"486" 0 0 0.0984487934761597 0.669281746019292 0.232269487898294 0.00223302684166102
"487" 0 0 0.11094529335281 0.889054710139562 0 0.00232874305859794
"488" 0 0.114550161744123 0 0.650926593486528 0.234523278763012 0.00224309830803528
"489" 0.113461091267152 0 0.193432701603256 0.693106187830126 0 0.00224392733988473
"490" 0 0.142488223878128 0 0.857511805428566 0 0.0022625582188238
"491" 0 0.11649183666508 0 0.723379468454053 0.160128736908548 0.00230828317956096
"492" 0 0.360175338097972 0 0.498922021470436 0.140905490165495 0.00223056123072836
"493" 0 0.117931958447188 0.0151454100417183 0.791656062213096 0.0752665944454446 0.00229487789473084
"494" 0 0.168196044258358 0 0.698162919108098 0.133641065611185 0.00223886447793163
"495" 0 0.109865239878243 0 0.763529282400315 0.126605548482588 0.00229148737691542
"496" 0.142510576317472 0 0 0.645123372648859 0.212366094505459 0.00223550785147714
"497" 0 0 0.0785839119418636 0.750581481215955 0.170834618108017 0.00224766934408559
"498" 0 0.0145425040851655 0.119898051911055 0.865559489657076 0 0.00223526833248572
"499" 0 0 0.250204648432231 0.482797165485331 0.266998196759778 0.00226226813456222
"500" 0 0.240980475585505 0 0.649224294054583 0.109795258917403 0.00226656727622677
"501" 0 0.0493533535791118 0.25569917502536 0.690159208663763 0.00478833452955408 0.00223243078682543
"502" 0.0572530924770731 0.27022990438157 0 0.482200101786081 0.190319821800957 0.00223227595075542
"503" 0 0 0.406928886893985 0.470509214671568 0.122562004083627 0.0022213658061802
"504" 0.0757025526191183 0.00683353344336099 0 0.865582824116207 0.0518810723125755 0.0022192987035472
"505" 0 0 0.287298975967509 0.712701050614773 0 0.00223801068316181
"506" 0 0.215554431496358 0 0.69407886563433 0.0903694489321502 0.00229903395172204
"507" 0.0378818920845868 0.213504008329796 0 0.748614132454627 0 0.00224245417394946
"508" 0 0.153271764158806 0 0.744198931832758 0.102532158758301 0.00226723631433609
"509" 0 0 0.25728165121236 0.548335680811816 0.194382690936688 0.00226201850411623
"510" 0 0.0708586854611791 0.2353154462469 0.693825852611138 0 0.00223716347585466
"511" 0 0.222615694254206 0 0.601212486135294 0.176171861883785 0.00223913440772041
"512" 0 0 0.16552910124453 0.67391745912187 0.160553477941563 0.00223328013639784
"513" 0 0.259108597851272 0 0.559159684508408 0.181731770980751 0.00218880946673426
"514" 0 0.0910306062739332 0.0951841239327325 0.56719735068553 0.246587887526078 0.00220971632113914
"515" 0.0863162981879659 0 0 0.75517921578904 0.158504542510987 0.0022231488913234
"516" 0 0.0560133903347691 0.22540794966217 0.554786514632155 0.163792131667883 0.00219373938382709
"517" 0 0 0.0858895617365905 0.743252094783977 0.170858380793809 0.00229005155509752
"518" 0 0 0.180466727082811 0.656714902598232 0.162821220275635 0.00223244802924604
"519" 0 0.236162639281633 0 0.626512356483858 0.137325022011211 0.00222610700722523
"520" 0 0.0867632175039717 0 0.811619717720501 0.101617116568598 0.00233055316590323
"521" 0 0.283579172922486 0 0.514865702666744 0.201555147959894 0.00222098509767837
"522" 0 0.269962428187984 0 0.639312337866605 0.0907252526244607 0.00222360417249294
"523" 0 0.165293111867777 0 0.787800476582255 0.0469064725813055 0.00231538974472106
"524" 0 0.0920312972034682 0.259762868649926 0.536879495278586 0.111326304376054 0.00223619014594018
"525" 0 0.433137937762581 0 0.473416999293622 0.0934450820830041 0.00219517702690165
"526" 0 0 0.245071145934353 0.597570729250887 0.157358187006617 0.00225627807050064
"527" 0.031700138168621 0 0.0673982197463505 0.644092981839892 0.25680873214988 0.00224366475459294
"528" 0 0 0.264524332337957 0.670785512887233 0.064690274766306 0.0022141669234785
"529" 0 0.269360791703662 0 0.60425953300018 0.126382556771312 0.00227475410127298
"530" 0 0 0.12844598756679 0.626408903751841 0.245145179930105 0.00229040377805693
"531" 0 0.257866988592381 0.212218725604886 0.425537143186576 0.104377513583427 0.00219816633445288
"532" 0 0 0.218287209946026 0.781712766283973 0 0.00226396883235435
"533" 0 0.148690744543291 0.106221622817719 0.572502478770404 0.17258515810407 0.00226957816283282
"534" 0 0 0.0199933647153259 0.823788201243967 0.156218482945066 0.00229587266655172
"535" 0 0.306505867274322 0 0.597756317668757 0.0957378295814117 0.00224100098314285
"536" 0 0.110716080919902 0 0.889283987930001 0 0.00224947191125829
"537" 0.0219090488956892 0 0.148934817573648 0.829156144744211 0 0.002304804215572
"538" 0 0 0.0245500028351434 0.849399580120461 0.126053239071938 0.00220960996476372
"539" 0.16456702692046 0 0.144628521307882 0.572581355427366 0.118223110196381 0.00221918091244631
"540" 0.148999179669059 0.172397396867272 0 0.678603439642421 0 0.00219370385830842
"541" 0 0 0.114071443026571 0.794789030895143 0.0911420934167493 0.00228812274625621
"542" 0 0.244886220724751 0 0.755113810432109 0 0.00226044683592244
"543" 0.183091175237847 0 0.199229766795917 0.529752049459332 0.0879273399384218 0.00223151101594928
"544" 0 0 0.187444332539461 0.736143251042738 0.0764124351536133 0.00222151960749054
"545" 0 0.0157724758922025 0 0.784594950444947 0.199632619171166 0.00229723666575125
"546" 0 0 0.147641827580903 0.821148140302952 0.0312101079458989 0.00223684219480941
"547" 0 0 0.142589272912163 0.732351442030197 0.125059324024435 0.0022795399047367
"548" 0 0 0 1 0 0.00223037909663059
"549" 0 0.210936429558629 0 0.789063637592193 0 0.00223646097502797
"550" 0 0 0.0123637206760367 0.858913294815748 0.128725751067171 0.0022727587602899
"551" 0.159757429030043 0.040727476507887 0 0.799515126998431 0 0.00222193981307836
"552" 0 0 0.34812504666874 0.651874982518348 0 0.00220939902032112
"553" 0 0.164451540139794 0 0.738618822719297 0.0969296623541838 0.00224882821026615
"554" 0.156759414618227 0.128035840260832 0.0301872058188472 0.685017637954236 0 0.00219789797481022
"555" 0 0.123277085659987 0.123843312799393 0.612686950632476 0.140195563799709 0.00222935602147619
"556" 0 0 0 0.894710924689033 0.105289120008705 0.00229986954364805
"557" 0 0 0.179435709608957 0.775481489206169 0.0450856093295629 0.00226393725206272
"558" 0 0.125493581464396 0 0.874506446318535 0 0.0022903948579333
"559" 0.0234685221048021 0 0 0.927063339686483 0.0494710015894364 0.00227052519016711
"560" 0 0.0850563529763982 0 0.737877994862866 0.177065677205988 0.00229526820418799
"561" 0 0 0.277532676939374 0.446440123636315 0.276027236090153 0.0021770369045081
"562" 0 0 0.267317937156325 0.606626907043408 0.126055170983227 0.00224985557271952
"563" 0 0 0.193493844783031 0.661983368401034 0.144522801976054 0.00227362082969273
"564" 0 0 0 0.760372266660408 0.239627788100053 0.00232759177183124
"565" 0.179522973299584 0.191475246419553 0 0.629001781112844 0 0.00222498477603434
"566" 0 0 0.403602137796934 0.470061711777425 0.126336165239142 0.00224598926805062
"567" 0 0 0.180342524095624 0.774471950811444 0.0451855213852777 0.00230445265555284
"568" 0 0.0948506650502083 0 0.905149351675941 0 0.00228590428591279
"569" 0.106765704329088 0 0.270875283597266 0.622359034682881 0 0.00226345497022985
"570" 0 0.135192639860816 0 0.526605060452204 0.338202318723109 0.00225026723118525
"571" 0.053283770540294 0 0.284376511355401 0.662339724103521 0 0.00222531355241161
"572" 0 0.317993907120005 0 0.530687193166673 0.151318964901655 0.00226508016160577
"573" 0 0 0.0760727217479295 0.881833299059009 0.0420940272285874 0.0022898033400722
"574" 0 0 0 0.828424040849265 0.171575995872303 0.00233179686842358
"575" 0.0236345428060586 0 0.241801468017745 0.609130377799159 0.125433663627963 0.00223105727716492
"576" 0 0.147859400494648 0 0.756982429494311 0.0951582059890928 0.00227071884690283
"577" 0.0931204727541431 0 0.19420322457261 0.624311392479939 0.0883649430442714 0.00222617351272758
"578" 0 0.0931367750430562 0 0.728795626830909 0.178067675158655 0.00222387313757757
"579" 0 0.269616711957849 0 0.57670029661456 0.153683006066944 0.0022222916667893
"580" 0 0.266605320477572 0.0364589397913592 0.529363219425914 0.167572513251795 0.00222235479465861
"581" 0 0 0.153817039607597 0.685856408060919 0.160326589119303 0.00227157303565606
"582" 0 0.204474261705844 0 0.719376282357902 0.0761494738176784 0.00223724919030998
"583" 0 0.0744496509841679 0 0.733581143996225 0.191972015595325 0.00227141706008915
"584" 0 0.198211427459448 0 0.801788618763544 0 0.0022498904892237
"585" 0 0 0.312888203847062 0.61651177812029 0.0706000367713649 0.00221649605362157
"586" 0.0950558143298799 0 0 0.547353713163297 0.35759315970286 0.00220916074809371
"587" 0.0249000701197412 0 0.306882631903345 0.529819900214795 0.138397390732096 0.00222049620712335
"588" 0.12424202567384 0.197610654599723 0.142379194275102 0.50884836509184 0.0269197476697255 0.00220548734806881
"589" 0 0.254587430956568 0 0.546810963338151 0.198601629154782 0.00218112215462222
"590" 0 0 0.199736687289891 0.800263362795777 0 0.00223506947962648
"591" 0 0.0857952106873086 0.0667333380251474 0.70710918549947 0.140362317331421 0.00222688725836913
"592" 0.144492851417676 0.356969004172621 0 0.453109642483669 0.0454314201587366 0.00217771463907064
"593" 0 0.22110171611377 0 0.496615530282838 0.282282764878665 0.00222970684675751
"594" 0 0 0.0783927592978627 0.742806925033574 0.178803202173498 0.00227909057473373
"595" 0 0.100743149682624 0 0.703391655792152 0.195865224262882 0.00224588847256531
"596" 0 0.219108658066512 0 0.613815462516578 0.167075899239792 0.00220582118097077
"597" 0 0 0.10248040180086 0.775402991860867 0.122116677315257 0.00228905401437436
"598" 0 0 0.179991911875749 0.820008132837951 0 0.00229672975519714
"599" 0 0.00407867138485513 0 0.850780597110528 0.145143527782806 0.00228902835513558
"600" 0 0.240159635163799 0 0.669143327073229 0.0906970779616283 0.00227385838539228
"601" 0 0.228040548007074 0 0.628033955807447 0.143925530075341 0.00226056807046388
"602" 0.146258092348531 0.302704097780928 0 0.470427550531231 0.0806102865083814 0.0022375523262164
"603" 0 0.0520961393383251 0.0904521671541894 0.636473280277667 0.220978403604434 0.00221571528540555
"604" 0.00801866228056015 0.126713342627477 0 0.742543563679032 0.122724446611111 0.00226205460545578
"605" 0 0 0 0.754195635523116 0.245804406776331 0.00228200471138299
"606" 0 0 0.165259127792514 0.834740895108046 0 0.00228597749329298
"607" 0 0 0.30640694179549 0.464971973997696 0.228621091639461 0.00221960395785697
"608" 0 0.195442997507833 0 0.666785632608972 0.137771379382305 0.00218971167317525
"609" 0 0 0.337676997257582 0.498817576067796 0.163505436639484 0.00222647655276857
"610" 0 0 0.116841190698078 0.709904009323539 0.173254814039312 0.0023065743626318
"611" 0.120021770496003 0.0689945977067453 0 0.810983646826092 0 0.00227819601956188
"612" 0 0.110757360301643 0 0.830801339514144 0.0584413415737705 0.00231990226737302
"613" 0 0.170946499630721 0.162444727068781 0.328580685731535 0.338030933580918 0.00222154069051034
"614" 0 0.299946486817987 0 0.599298663110118 0.100754890750931 0.0022632016929414
"615" 0 0.0914242642499535 0.191444903834892 0.520811724411144 0.196319127812657 0.00219882744637952
"616" 0 0 0 0.874144599818832 0.125855433559712 0.00236926353491375
"617" 0 0.119773287374988 0.126362842900858 0.560080227520912 0.193783699940264 0.00226697399506832
"618" 0 0 0 0.813900511450236 0.18609951643621 0.00231167420387648
"619" 0 0.193962490801505 0.0886561758742622 0.597967918121177 0.119413452500176 0.00222506451259969
"620" 0.0937776591721494 0 0 0.775683067990899 0.130542023374745 0.00226912819071923
"621" 0 0 0.136697049393452 0.61886079813627 0.244442171478599 0.00225981644419062
"622" 0.134648828682579 0.368857768995425 0 0.496493395270118 0 0.00217178851972948
"623" 0 0 0.349727271422387 0.479482040202825 0.170790764981669 0.0022244571271068
"624" 0.0356577880783188 0 0 0.808207699312925 0.156134565085159 0.00229889046007761
"625" 0 0.248873385353264 0 0.589964758528422 0.161161913239884 0.00215744772362667
"626" 0.0943513525693748 0 0 0.828286753564342 0.0773619479810222 0.00227426975962702
"627" 0.17076544995964 0 0.348707907169308 0.404067960882493 0.0764586989358582 0.00219261136216656
"628" 0 0 0.249018961805472 0.650843868600192 0.100137222622431 0.0022323061207649
"629" 0.116289339435616 0.0954486360721858 0 0.788262033859136 0 0.00228590160570541
"630" 0.00908929312647604 0 0 0.752599543331338 0.23831119442353 0.00223733928839163
"631" 0.0592878520904312 0 0.358439252609508 0.499993353807888 0.0822795809617318 0.00217383547499941
"632" 0 0.182351601707616 0 0.637750315422723 0.179898106672111 0.00226212634807312
"633" 0 0.27334933540216 0 0.44714032762777 0.279510433408468 0.00221125228909801
"634" 0 0 0.133556002114614 0.727096068287686 0.139347970842544 0.00219076137595013
"635" 0 0 0.362307447430757 0.637692607458144 0 0.00223498236077094
"636" 0.0913281500108568 0 0.0758245785275335 0.721580456601206 0.111266845050351 0.00223215939830923
"637" 0 0 0.216730465455234 0.770489549652789 0.0127800078986228 0.00224329185305649
"638" 0 0.0585310257001372 0.172231915263221 0.646722137109731 0.122514911715906 0.00223095637852311
"639" 0.0382557168689973 0.121988102450707 0 0.68119775420795 0.158561275297609 0.00228133324467598
"640" 0 0 0 0.612220375999022 0.387779631550775 0.00224035414983334
"641" 0.0181149965863532 0.110728959219887 0.0669119419539741 0.642116399517355 0.16212776978619 0.00220173039886918
"642" 0 0 0.304346796232909 0.695653265556702 0 0.00222191705998703
"643" 0 0 0.122238457139584 0.702954250831842 0.174807337633405 0.00228720685023369
"644" 0 0 0.105159546378163 0.710371246859887 0.184472066437576 0.00223791771105659
"645" 0 0.113083584002185 0.0952552922141936 0.665294903825291 0.12636621951516 0.00222274314241055
"646" 0 0 0.26846732268781 0.623647949519813 0.107884739344595 0.00230131537799527
"647" 0.135815898966994 0.197325538109432 0.144240680942692 0.522617847875363 0 0.00216566324648111
"648" 0 0 0.294343583352988 0.520736521758669 0.184919941824318 0.00227446586620877
"649" 0 0.0360295057295623 0.137356581497254 0.826613959856197 0 0.00225490831886235
"650" 0 0.169799873553247 0.0579919635515723 0.772210959867129 0 0.00222473531332818
"651" 0.102707814846745 0 0 0.740667058731848 0.156625190347272 0.00226980816443754
"652" 0 0 0 0.900140029702417 0.0998599694403066 0.00229907047508012
"653" 0 0 0.36771990903604 0.497886125434416 0.134394088159804 0.00222591312994759
"654" 0 0 0 0.752760411225699 0.247241917014072 0.00230116570249307
"655" 0.0253270982785844 0.160955822087201 0 0.598734976245629 0.214982122231925 0.00228191201914572
"656" 0.11210542837978 0 0.0289249942316266 0.858969616313394 0 0.00223205493972589
"657" 0 0 0.0146513144045303 0.985348737785045 0 0.00233913213818657
"658" 0 0.245836055945997 0.0401439172249895 0.714020017885733 0 0.00228175439248687
"659" 0 0.251246376459092 0 0.748753656253448 0 0.00227360336668911
"660" 0 0 0.00499380442082873 0.881105987730335 0.113900258853813 0.00222784596587638
"661" 0.140816980804685 0.197794945617299 0.0573671430932508 0.604020931147781 0 0.00218304261426624
"662" 0.101616732320076 0 0.102192923447379 0.796190395267682 0 0.00224259130219704
"663" 0 0.4165660230563 0 0.294182040542644 0.289251931500928 0.00220196731386274
"664" 0.0485785784217608 0 0.352144451480773 0.312148406551747 0.287128535710158 0.00217981626244359
"665" 0 0.0750326100380296 0 0.873723520755358 0.0512439340360925 0.00226952645452011
"666" 0 0.0624995993938224 0 0.706180555903954 0.231319861297156 0.00229153595097501
"667" 0 0 0 1 0 0.00235379253943268
"668" 0.0891200791946715 0.410179314675595 0 0.48097161752648 0.019731874513048 0.00221082409022678
"669" 0.202867230280191 0 0.271251324714171 0.525884292225285 0 0.00222143728404322
"670" 4.60554207198654e-05 0.295532705079657 0 0.588787157910787 0.11563692897274 0.00227401680623918
"671" 0 0 0.238908080983012 0.542519607934933 0.218572355041166 0.00226494522968378
"672" 0 0 0.21379166428744 0.786210021611345 0 0.00219225648408353
"673" 0 0.0812817206346313 0 0.814590082862318 0.104131075935394 0.00227277307915012
"674" 0 0.192253320618602 0 0.807746735827888 0 0.00222297358126807
"675" 0 0 0.30941340658177 0.618911516951935 0.0716751075367839 0.00225433433974616
"676" 0.0544748683339073 0.223331489256232 0 0.646121640328234 0.0760748790517564 0.00220578941638408
"677" 0.143584846994813 0 0 0.774363202381676 0.0820520236530316 0.0023154446096334
"678" 0 0 0 0.970940731100967 0.0290593057959985 0.00234158744545489
"679" 0 0.301951049472208 0 0.633824708253652 0.0642242631639058 0.0022330330742755
"680" 0 0.104622717195808 0.155561048199801 0.669760784402585 0.0700577323062625 0.00224981605818343
"681" 0 0 0.0716002804542974 0.928399764445814 0 0.00233121430609609
"682" 0 0 0.122271709465555 0.638748229285181 0.238981599981134 0.00222123007158329
"683" 0 0.160673349200408 0.0590301268792809 0.715604071525877 0.0646924548591617 0.00225707010439249
"684" 0 0.0127072572379677 0.402180942762314 0.330667880184667 0.254443926766568 0.00222768818464798
"685" 0 0 0.0819203924456914 0.791068922199925 0.127010772563585 0.00229942385173377
"686" 0 0.213830159129009 0 0.491578872388892 0.294591025386739 0.00221045042246245
"687" 0 0 0.147319732786692 0.745823262326785 0.106857031362552 0.00226594649423579
"688" 0 0.17195211403257 0 0.782929409614366 0.045118571499118 0.0023242167877971
"689" 0 0.102208975298974 0 0.734556685245223 0.163234396186567 0.00226389177556495
"690" 0 0 0.228329775637694 0.712115646508686 0.059554615796067 0.0022710977565122
"691" 0 0.105846472807078 0 0.554194467048996 0.339959077490836 0.00219100483860604
"692" 0 0 0.164501545074102 0.568403340130103 0.267095124319886 0.00223934037736999
"693" 0 0.0468617104318769 0.389992836956207 0.490337004428288 0.0728084670817637 0.00221175196868205
"694" 0 0 0.248366472487667 0.751633541078992 0 0.00222282213461729
"695" 0 0.177858458488834 0 0.791337535916951 0.0308040301730245 0.00224450587045432
"696" 0 0 0.060794940314959 0.842454092211154 0.0967509988210652 0.00222216076949287
"697" 0.00255920606229685 0.088601196531211 0 0.771815673878579 0.137023961747065 0.00222999090131084
"698" 0 0 0 1 0 0.00225962191015217
"699" 0.130472148254077 0 0.211383645617486 0.658144229312291 0 0.00220348247003941
"700" 0.0542916701783172 0 0.0828850195594725 0.862823311687804 0 0.00227007396017643
"701" 0 0.0843708233242753 0.028243035893042 0.580627644110015 0.306758449484692 0.00228729978573767
"702" 0 0.249408778912282 0 0.56571842692265 0.184872839962715 0.00223510275834308
"703" 0 0.423446042165494 0 0.506046008103459 0.0705096409589872 0.0022369032453897
"704" 0 0 0.323171261973469 0.481403895017931 0.195427727892032 0.00227360527978248
"705" 0.0653020991894098 0.199120902396937 0.0152785051597121 0.59548113161783 0.124817512826411 0.00222043257075749
"706" 0.0925814187319189 0.436564464554169 0 0.470857020655387 0 0.00219949959530527
"707" 0 0.218040019279176 0.144908193609457 0.461885118117079 0.175166652703344 0.00218840642212972
"708" 0 0 0.114658159733145 0.784371323173411 0.100970533394758 0.00226244250249848
"709" 0 0 0 0.804993358144304 0.195006721889154 0.00232278608556643
"710" 0 0.0506146677687501 0.382801805194083 0.360748406008204 0.205835126835491 0.002232279294142
"711" 0 0.0875714489204037 0.132349625069364 0.700728564078708 0.0793504030903688 0.00225904404034205
"712" 0 0.213354694704497 0.0822193074806035 0.579588741934621 0.124837255475113 0.0022094057771274
"713" 0 0 0.0587246420659693 0.905570303740578 0.0357051216849846 0.00233708519886234
"714" 0.0403975374978068 0.0401421989779937 0 0.820240745559179 0.0992195560878519 0.00224206526459313
"715" 0 0.248181352750663 0 0.751818699768649 0 0.00225171534773921
"716" 0 0.0506208208774022 0.0487890144790234 0.715460706725384 0.185129440153076 0.00227379600580009
"717" 0.107587229782835 0 0 0.818294801527742 0.0741180407982253 0.00227173045452597
"718" 0 0.457599016395931 0 0.41369861090763 0.128704125801894 0.00219693816255311
"719" 0 0.0544434638953196 0.027994285702321 0.716324768191389 0.201240056590181 0.00223391433496041
"720" 0 0 0.0904558101462986 0.772953199622791 0.136591026036183 0.00226465414043128
"721" 0 0 0.288570144914219 0.520578400274546 0.190854354768871 0.00224040342518231
"722" 0 0.192282325692129 0 0.626873538861734 0.180844163672153 0.00228033429947417
"723" 0 0 0.20531517175865 0.699617975524994 0.0950668763806319 0.00222664842848124
"724" 0 0 0.0751017881617578 0.658996946613869 0.265901281273875 0.00226450022763886
"725" 0 0.224546426579243 0 0.601025581164066 0.174427983534051 0.00223493278229435
"726" 0 0.218976700475515 0 0.781023341894686 0 0.00225589491474721
"727" 0 0.17861737657922 0 0.494951990220541 0.326430616783045 0.00226700763407719
"728" 0.0298676498350515 0 0.113505068819183 0.856627285373959 0 0.0022997409173669
"729" 0.128937948668072 0 0 0.854825540920385 0.0162392534183272 0.00227241071553642
"730" 0 0 0.0577814281025879 0.860660226178987 0.0815583898546203 0.00222318814133785
"731" 0 0.0967348639853534 0 0.755653074608064 0.147612114907707 0.00225980248997001
"732" 0.0638458251320599 0.281822813867498 0 0.595868070880698 0.0584633507537432 0.00222076965603328
"733" 0 0.118754551094564 0 0.782476571101925 0.0987689535725406 0.00233089299188874
"734" 0 0 0.327746133768906 0.672253948793539 0 0.00220954358341318
"735" 0 0.389334667055733 0.067225498413494 0.379706273403835 0.163733550030848 0.00221320739591816
"736" 0 0 0.197744163870983 0.685709358174352 0.11654654887875 0.00226160630863782
"737" 0.187734180222008 0.094582256530583 0.0798206229588595 0.637865427270445 0 0.00218651483480204
"738" 0 0 0.211483197683489 0.656429364751614 0.132087461802671 0.00224532482004131
"739" 0.030041249576746 0 0.460597579523186 0.323808227669257 0.185552924890614 0.00218749656022834
"740" 0 0 0.261614373599904 0.517868753237406 0.220519626919023 0.00222389104087812
"741" 0.0407743985510919 0.0597330911474461 0 0.716528957928083 0.182963549055365 0.00227944161000922
"742" 0 0.371991612113149 0 0.380883371640763 0.247127771363246 0.00220340250497876
"743" 0 0 0 1 0 0.00231167780381895
"744" 4.82312409754511e-07 0.0797771467837443 0.0458255494443993 0.665241494370724 0.209155716657397 0.00222290137084413
"745" 0 0.0505750359326135 0 0.768858266427922 0.180566745132219 0.00228398979964309
"746" 0 0.317677992998011 0 0.68232208234403 0 0.00224319687916494
"747" 0 0.22658029710056 0 0.683638130916968 0.0897815941463297 0.00222855123326547
"748" 0 0 0.362822614616031 0.637177396536392 0 0.00227200239754034
"749" 0 0.261796783216788 0 0.738203228389506 0 0.00225054302304545
"750" 0 0.165509485907235 0 0.834490519116176 0 0.00228510688054635
"751" 0 0 0 0.78154809077749 0.218451945885445 0.00226049023924382
"752" 0 0 0.19128967508335 0.672499949146374 0.136210413340567 0.00225629209580193
"753" 0.122831848238359 0 0.143244038045741 0.631040702929977 0.10288339911938 0.00222507921948744
"754" 0 0 0.235300624999498 0.764699404682779 0 0.00226260692093721
"755" 0 0.378929760744664 0 0.563101085673707 0.0579691724896548 0.0022291160651194
"756" 0 0.385563564366325 0.00741788022437219 0.60701854074461 0 0.00219180754587268
"757" 0 0.159604410451808 0.206025889370305 0.472885102353018 0.161484585012424 0.00222060187246445
"758" 0 0.213537522173343 0.0813328809369026 0.649753854219152 0.0553786370412242 0.0022303121844052
"759" 0.114200543886811 0 0.128424988470018 0.71825522440234 0.0391192634714848 0.00224851326714572
"760" 0 0 0 1 0 0.00224906220232999
"761" 0 0 0.11057482003273 0.709068013276931 0.180357233906401 0.00227334586560777
"762" 0 0 0.347603353552498 0.652396693805524 0 0.00223625251413413
"763" 0.152785702760635 0.330352126810507 0 0.516862193583299 0 0.00216285099384408
"764" 0 0.171254908666783 0 0.698412513261695 0.130335379957755 0.00227241275450373
"765" 0 0.428995443772799 0 0.310179199388809 0.26082534229513 0.0022335123154274
"766" 0 0 0.30419077753159 0.556897410179219 0.138911838064324 0.00220099935990138
"767" 0 0 0.384503524739997 0.615496515989716 0 0.00219913158629821
"768" 0 0 0 0.908795713887419 0.0912042962746592 0.00226099618192951
"769" 0 0.0124738557746161 0.214386917086721 0.773139210146651 0 0.00224857511359238
"770" 0 0.0582874596694013 0 0.677055278451836 0.264657290790549 0.0022418314711717
"771" 0.0778985850056557 0.302481734610048 0.0019888170048981 0.400996684869955 0.216634232738179 0.00215381738345018
"772" 0 0 0.177728460450001 0.687731733619548 0.134539832202353 0.00227237058858315
"773" 0 0.156136069439157 0.0223197655054426 0.70581438739099 0.11572987922039 0.00226303639633468
"774" 0 0.116847107691607 0.0644705126408893 0.818682340460353 0 0.00228105062306999
"775" 0 0.134427037026855 0.0845634329976409 0.781011947203763 0 0.00221991755705492
"776" 0 0.319846634669176 0 0.545665800350318 0.134487669856919 0.00224959195946142
"777" 0.0156563777745962 0 0.222877233396274 0.736725321243051 0.0247412092698835 0.00223108361987757
"778" 0 0 0.371236454435518 0.497470551678142 0.131292991883523 0.00221535353673385
"779" 0 0.338043261386317 0 0.53951235006067 0.122444425491374 0.00218549297590904
"780" 0 0.223230451369501 0 0.776769534703691 0 0.00222573549108356
"781" 0.204134606389493 0 0.0111820605336282 0.602791276899395 0.181892041668963 0.00226361795890692
"782" 0 0 0.0689856205584869 0.903323657763262 0.0276907966745296 0.00222683199678002
"783" 0 0.0153079919113628 0 0.80280058420647 0.181891471397909 0.00228533453663825
"784" 0 0.00519445844609072 0.227797636630358 0.570415222507415 0.196592708834569 0.00217790884051244
"785" 0 0 0 1 0 0.00231543995746274
"786" 0 0.198239012274837 0 0.715350458760758 0.0864105518845801 0.00224475338907133
"787" 0 0.468871877494379 0 0.358313422197968 0.17281760110878 0.00218994294705411
"788" 0 0 0.333286573107269 0.414324446476862 0.252391379585497 0.00217501560826102
"789" 0 0 0.0317294978692418 0.852773568762618 0.115497009185554 0.00226454001830754
"790" 0.0443032995532035 0.169136616559122 0 0.72412061138828 0.0624395066725862 0.00228745903447536
"791" 0 0 0.265432312503723 0.734567727591245 0 0.00227117765690534
"792" 0 0.171720270645468 0.0229500305363322 0.531579019913953 0.273750665862372 0.00221593407888111
"793" 0.00562113376059908 0.275366816940022 0 0.719012071098198 0 0.00225668686434544
"794" 0 0 0.0598270807455243 0.694265349121556 0.245910434357653 0.00226980693401505
"795" 0 0.0890883559208956 0.0285980294208846 0.882313596425638 0 0.00224474624565685
"796" 0.0129428036708411 0.370752432145623 0 0.369207850535835 0.247096932421651 0.00218517756783314
"797" 0 0.274464188533487 0 0.464861343145136 0.260674474687313 0.00226397689010074
"798" 0 0 0.373021061707709 0.488077248752184 0.138901779678476 0.00219524011352672
"799" 0 0.25234531847908 0 0.673623596852307 0.074033921253488 0.00225953285995959
"800" 0 0.0106769102077697 0.0838203372923255 0.845347721455401 0.0601570739260803 0.00229193108953983
"801" 0 0 0.231914967225369 0.654685004501371 0.11340091297098 0.00222325531702174
"802" 0 0.0782981216943574 0.0887174459191114 0.636051518573017 0.196932914401639 0.00223036460629621
"803" 0.00788917634519452 0.256615433637401 0 0.661778074770413 0.0737173402975456 0.00221854445824668
"804" 0 0.224757055479607 0 0.577163714198448 0.198079250646501 0.00224187071095449
"805" 0.0204969765231505 0 0 0.835495943170843 0.144007111711609 0.00229360791505398
"806" 0.000310824617565544 0 0 0.999689213325798 0 0.00228643244841424
"807" 0 0.0157027056686537 0 0.866779489447046 0.117517837352014 0.00225585601688621
"808" 0 0 0.242555412834621 0.60573258406603 0.151712073087912 0.00222361117743819
"809" 0 0 0.0491816522004697 0.891256964805595 0.0595614102782591 0.00230128709370534
"810" 0 0.0947754650110359 0 0.607041519146636 0.298183033016297 0.00229735862186743
"811" 0.0209211516350514 0 0 0.979078835782476 0 0.00231119365628685
"812" 0 0 0.200113950071586 0.799886112853416 0 0.00225631944252893
"813" 0 0 0.201478596497879 0.665279113040207 0.133244272353019 0.00221377007622594
"814" 0 0 0.193410518450978 0.670299424469834 0.136290089464626 0.00228339410720116
"815" 0.0521114495949669 0.12520355727381 0 0.735161324213766 0.0875265725838969 0.00228063999515935
"816" 0 0.233000920807352 0 0.590997623647285 0.176001477147343 0.00226789773284975
"817" 0 0 0 0.73240738181528 0.267592711181687 0.00228133075437659
"818" 0.030881783687498 0 0 0.969118252658581 0 0.00231955967645168
"819" 0 0 0.361647074123194 0.59132900211048 0.0470239577887435 0.0022457313625022
"820" 0.0754257685420249 0 0.0548496753599144 0.626718910033813 0.243005666439429 0.00223616595393041
"821" 0 0.257487616903079 0 0.720357330077516 0.0221579452073186 0.00223259535200261
"822" 0 0.0155705486519025 0.214298276885923 0.58167285425618 0.188458349188191 0.00226753114178072
"823" 0 0.24538897668765 0 0.611810704181229 0.142803038520417 0.00229556682948048
"824" 0 0 0.108441682248588 0.891558358381664 0 0.00222227639724596
"825" 0 0 0.144002413412679 0.645643551858779 0.210354064188814 0.00222909733972725
"826" 0 0.0308718821939879 0.0344178386562984 0.934710298498444 0 0.00231265688205678
"827" 0.00825086240619396 0.348942352812778 0 0.422515980970725 0.220290834304768 0.00222017113534083
"828" 0 0 0.017283658949586 0.850022844823097 0.132693556507184 0.00225067494908458
"829" 0 0.0240653606140446 0.163168052958388 0.734705349083491 0.0780612097850069 0.00227449242781668
"830" 0 0.162917800292401 0 0.646714226195591 0.190367978985495 0.00227236877239078
"831" 0.00859091906202758 0.142816623114294 0 0.640249655829689 0.208345712302988 0.00224491734818777
"832" 0 0.0159799693486382 0 0.875645418820561 0.108374682535775 0.00230750674022337
"833" 0.152309335533467 0 0.154594156210633 0.693096516871824 0 0.00227918794646955
"834" 0 0.110673792846485 0 0.684725436279124 0.204600782276219 0.002305216283649
"835" 0 0 0.203802468908566 0.442956303406466 0.353241234685869 0.00220285816662304
"836" 0 0.45259868160201 0 0.395772074594798 0.151629223356154 0.00223437403003156
"837" 0 0.0574090962600937 0 0.758470595744447 0.184120374508295 0.00222112451305162
"838" 0 0.0263868254784432 0.0562104162742034 0.917402799606309 0 0.00226602115622366
"839" 0 0.188344803587139 0 0.718989953141894 0.0926652851684621 0.00231858917914891
"840" 0.000718301736011125 0 0.177858348418963 0.805798167976591 0.0156252496654468 0.0022206984390526
"841" 0 0.190488232759257 0 0.676783688320366 0.13272810114388 0.00222532806319079
"842" 0.0930835284250702 0.201782212873268 0 0.46929522141399 0.235839091441199 0.00223908713912942
"843" 0.126816411536171 0.31270915508435 0 0.560474424652874 0 0.00223274833193639
"844" 0 0.235252343309169 0.17296782981122 0.468042717938751 0.123737091697059 0.00220363480752809
"845" 0 0.0569263023716865 0.166229041258833 0.670915708046556 0.105928949459694 0.00222523996701868
"846" 0.21069424319388 0 0 0.645303717945271 0.144002127444182 0.0022093639736038
"847" 0 0.116285240682877 0 0.739424897592155 0.144289904656958 0.00229347823387151
"848" 0.0622823487560078 0 0 0.865891997985786 0.0718283044488148 0.00227607940531383
"849" 0 0 0.141762275035782 0.647046242973948 0.211191504996817 0.00226893067969721
"850" 0 0.354155595396593 0 0.509302663130334 0.136541772253759 0.00221292892060502
"851" 0 0.226067255669732 0 0.773932764940505 0 0.00220863870611538
"852" 0 0 0.354798857749665 0.411572688619837 0.233628455019093 0.00225342671737782
"853" 0 0 0 1 0 0.00228246298994467
"854" 0.166703759543912 0 0 0.833296223831008 0 0.00230816258749975
"855" 0 0 0.16399249393968 0.734910852458396 0.101096699139087 0.00225163367829348
"856" 0 0 0.29431692379705 0.460425047897571 0.245258026773686 0.00222483310396788
"857" 0 0 0 0.908287515336992 0.0917125102492698 0.00223360164302398
"858" 0 0 0.00108776308795056 0.998912272644099 0 0.00235548110974621
"859" 0 0 0.0994347094578388 0.815278471010149 0.0852868406674402 0.00224837540516126
"860" 0 0 0.26912973860507 0.514256052035858 0.216617002780396 0.00219093186336549
"861" 0 0.0512449864803999 0 0.853179562249993 0.0955755166777217 0.00230053708627046
"862" 0 0 0.0955027108532131 0.904497316733651 0 0.00224029250231079
"863" 0 0.0691942610648494 0 0.729543962681358 0.201261852140049 0.0022347506043196
"864" 0 0.356253335248938 0 0.643746718191336 0 0.00221383922137944
"865" 0 0 0.251111116571632 0.615153707855102 0.133735222661599 0.00226232232802263
"866" 0.00384683979269635 0.242756428923582 0 0.535507420246743 0.217892178751603 0.00222261658969235
"867" 0 0.21406922566273 0.049023050833706 0.561736782357299 0.175172665402528 0.00226789662066176
"868" 0 0.0876001660194253 0.168645105230526 0.513912360432798 0.229842355894289 0.00223101676510149
"869" 0.263059219313381 0.0330112310330564 0 0.625092404833574 0.0788371450740702 0.00218810019468984
"870" 0 0 0 1 0 0.00231338878342025
"871" 0.183126123663605 0.141418255660817 0.122768340259812 0.552687319519018 0 0.00216038918630763
"872" 0.137176998902785 0 0.430986646533308 0.185460826514 0.246375540260062 0.00212116006248254
"873" 0.106485699431215 0 0.276115132374569 0.568486302077524 0.0489148401800674 0.00219115112458731
"874" 0 0.291802467320038 0 0.672409331516592 0.0357882363073077 0.00222315405466393
"875" 0 0 0 1 0 0.00229290801215847
"876" 0 0.126398961160141 0 0.711320015645073 0.162281006316707 0.00221928104023817
"877" 0 0 0 0.893172187836217 0.10682785706626 0.00234130076828783
"878" 0 0.206843153063512 0.021664399621269 0.718083923430537 0.0534084983298335 0.00226399158134046
"879" 0 0 0.233028091514193 0.644042966339736 0.122929020809996 0.00218901485947273
"880" 0 0 0.288143428456249 0.507588220002531 0.204269615177966 0.00220048124753219
"881" 0 0.13921798222124 0 0.706272296805529 0.154509771889985 0.0022715015519313
"882" 0 0 0.149246405060488 0.709774554882139 0.140979068887743 0.00226354101581455
"883" 0 0.177422224140945 0 0.626002503868485 0.196575269986018 0.00223716767269976
"884" 0 0.211646308610173 0 0.632170255649365 0.15618346578463 0.00219953438338726
"885" 0.135913170221242 0 0.35318575160644 0.510903977277224 0 0.00212650137369514
"886" 0.0365277307929526 0 0.332687416857715 0.506860684723004 0.123924213260321 0.00219980186971997
"887" 0.0655357388739751 0 0.235151942557856 0.581798717247531 0.11751360598238 0.00222743703400607
"888" 0 0 0.022829253806711 0.977170814181319 0 0.00231557869704594
"889" 0 0 0.140440596303895 0.710917531920096 0.148641926339179 0.00230596599552391
"890" 0 0.169290646603997 0 0.688702508234989 0.142006880095824 0.00223314247466215
"891" 0.0232651470087547 0 0 0.822559753663933 0.154175159018492 0.00227562413124894
"892" 0 0 0.107152540242852 0.791008979543881 0.101838539176491 0.00222966548877804
"893" 0 0.158659914501248 0 0.647042988141298 0.194297116278926 0.00228517463300564
"894" 0 0 0.34154658351156 0.419245097182391 0.239211241005518 0.00216357699294382
"895" 0 0.0988356253646317 0 0.901164438001617 0 0.00228961481485104
"896" 0 0 0 1 0 0.00230198034100315
"897" 0 0.189018955424022 0 0.810981092507628 0 0.00228525926767675
"898" 0 0.150478262536952 0.141979638309752 0.707542103774809 0 0.00225188163377355
"899" 0 0 0.195786770808838 0.747977966895867 0.0562353169477408 0.00221844518421637
"900" 0 0.26513714635247 0 0.521179337831333 0.213683524319422 0.00221983394867688
"901" 0.0520994444732959 0.299971855422278 0 0.488728298758447 0.159200416631578 0.00219254716061398
"902" 0 0 0.238029467847691 0.61183463116635 0.150135958856248 0.00221474419896737
"903" 0 0 0.0303162526804297 0.969683732089378 0 0.00229786008223876
"904" 0 0 0.338687974833214 0.66131209259537 0 0.0022190103953744
"905" 0 0.36492040791304 0 0.635079657574751 0 0.00225005838116159
"906" 0 0.213918271126777 0 0.710246630831764 0.0758379811296364 0.0023013854731695
"907" 0 0.335406301648764 0 0.477982938352748 0.186610795610279 0.00222263615937183
"908" 0.0791123646108776 0 0 0.92088863119816 0 0.0022618296833999
"909" 0 0 0.17998730988782 0.686358138081623 0.133654588662456 0.00222533220384737
"910" 0 0.153510207605334 0 0.846489827218827 0 0.0022282365034005
"911" 0 0.250305665297319 0 0.749694365771444 0 0.0022812765643279
"912" 0 0 0.21667928964768 0.632223089343542 0.151097640854698 0.00217485422372088
"913" 0 0.20525652092127 0.0956146491430129 0.517287102095521 0.18184170842082 0.0022703069547958
"914" 0 0 0.0395716169978626 0.755125248516721 0.205303157409778 0.002256589938966
"915" 0 0.267622359465558 0 0.618868695931279 0.113508949204773 0.0022571887812964
"916" 0 0.0556857597261754 0 0.944314268174127 0 0.00227054951092225
"917" 0 0 0.17691444462471 0.627764628864223 0.195320940630991 0.00223563867399037
"918" 0.141816693983097 0 0 0.827690645311348 0.0304927110794267 0.00224865099704186
"919" 0 0 0.0339465082400986 0.821833583866302 0.144222812593455 0.00223901747589845
"920" 0.126334550611405 0 0 0.730302750713875 0.143362777786602 0.00228014240558008
"921" 0.10717889422586 0 0.197643889165764 0.695177219340811 0 0.00223144659178691
"922" 0.293306604896985 0 0 0.706693458972491 0 0.00224835322284831
"923" 0 0.179674379715252 0.165798121087947 0.405993738965693 0.248533751950701 0.00217567136544985
"924" 0 0 0.0276200160283326 0.84163310584472 0.130746896516164 0.00227836111487389
"925" 0.263299725290913 0 0.2453026114726 0.439840666489522 0.0515596533254305 0.0021950511034739
"926" 0 0 0.194684494022113 0.659652357845311 0.14566320624298 0.00220274986291164
"927" 0 0 0.181837455342997 0.81816257540646 0 0.00226864344427597
"928" 0 0.17911588916191 0 0.8208841256249 0 0.00231047715880213
"929" 0.0520435239236054 0 0 0.748889722771271 0.199066793363169 0.00230711920796042
"930" 0 0 0 0.79701626422001 0.202983781985826 0.0022807091280331
"931" 0 0.0717082864244626 0 0.725951668058086 0.202340070872696 0.00226339632768072
"932" 0 0.0953795508689933 0.0498458774780849 0.752839418118676 0.101935145731007 0.00226499069960227
"933" 0 0 0.069054162491576 0.930945896467701 0 0.00227320442220664
"934" 0.0668341734607456 0.238214416194718 0 0.6511262025025 0.0438252248042076 0.00223328977870714
"935" 0 0.423321350635156 0 0.447283865082151 0.129394894366006 0.00221853402167345
"936" 0 0.0130797018408461 0.180600069695549 0.806320201859016 0 0.00231621186653079
"937" 0 0 0.0209911914755472 0.840518141301725 0.138490739406591 0.00223245238188051
"938" 0.173996146990727 0 0 0.826003928947122 0 0.00225954247815478
"939" 0 0.201449514756841 0 0.671012875365711 0.127537653906947 0.00226424111059185
"940" 0 0.0739218372096359 0 0.926078220491609 0 0.0022359466989304
"941" 0 0 0.141977419869592 0.858022639028845 0 0.00230341360573951
"942" 0 0.338029509239602 0 0.661970500897106 0 0.00225678362438406
"943" 0 0.295099346694697 0 0.635248250809065 0.0696524327256708 0.00224665472989845
"944" 0 0 0 0.752742236467912 0.24725782495226 0.00232213432138303
"945" 0 0 0 0.797532065938688 0.202467962539749 0.002310483579125
"946" 0 0.000769109913310495 0.232585874904673 0.758014136996106 0.00863084755463146 0.00230891972054759
"947" 0 0.227562655007859 0.0903660707648617 0.527100103093368 0.154971234148623 0.00222366354064793
"948" 0 0.170941240600329 0.0703369004115909 0.538372697627559 0.220349219446032 0.00220934282304924
"949" 0 0.0806434785081962 0.134372149918153 0.700254874469045 0.0847295245318395 0.00222557691033504
"950" 0 0 0 0.969551057462702 0.0304489565711825 0.00227494942003653
"951" 0 0.324883418403344 0 0.480801079361904 0.194315542628114 0.00223967772714736
"952" 0 0 0.31590198887981 0.653895682614126 0.030202340794515 0.00227571377878163
"953" 0 0.0999131672338652 0.128039293348996 0.772049012272054 0 0.00221479362302387
"954" 0 0 0.155078802289843 0.66758044159913 0.177340783942831 0.00228763452890358
"955" 0 0 0.168463303093535 0.831536753478328 0 0.00230228000699002
"956" 0.0328674156795605 0.20983606392753 0 0.512634486058682 0.244662055242216 0.00220867699869189
"957" 0 0 0.444262192506304 0.3818339411085 0.173903858156607 0.00219625850104069
"958" 0.156815711895219 0.138984588648471 0 0.677028436825664 0.0271712968025378 0.00226213746100099
"959" 0 0 0.349093217872396 0.58970963675907 0.0611971792530855 0.00224135728254271
"960" 0.124076342671687 0 0 0.723832206178275 0.152091511397147 0.00225215788589563
"961" 0 0.160238090827677 0.00225399536570081 0.609025211758872 0.228482702887256 0.00224011613995885
"962" 0 0.320522907019948 0 0.499660718053809 0.179816391337197 0.00222663881697456
"963" 0 0.0267036761101554 0 0.868830095454094 0.104466284485257 0.00229676048157477
"964" 0 0 0.311027311502821 0.519560483306244 0.169412211721153 0.00220882246695536
"965" 0.20923235364333 0 0 0.79076763550761 0 0.00220866887648816
"966" 0 0 0.369540785170764 0.417548120112656 0.212911048418371 0.00223247887271792
"967" 0 0 0.1246264994423 0.875373500255003 0 0.00225187712232424
"968" 0 0 0.252312328284652 0.589720572786332 0.157967111716296 0.00220645506291461
"969" 0 0.205464611506797 0 0.682012978118292 0.11252244890726 0.00225523444960567
"970" 0.0731064264400702 0.117554385250685 0 0.485758705513843 0.323580506589274 0.00222999590789325
"971" 0 0.159903819907396 0 0.730748338617291 0.109347866404695 0.00226248418402554
"972" 0 0 0.379651752897348 0.446495450674084 0.173855695234766 0.00222798664457155
"973" 0 0 0 0.801454069107701 0.198545962718195 0.00232742674206882
"974" 0 0 0 1 0 0.00229567476988286
"975" 0 0 0.0929159384795351 0.760247435803268 0.146839428430272 0.0022390995040938
"976" 0 0.234723572154692 0 0.572977565051893 0.192301653944 0.00227683659868774
"977" 0 0.0300045916714142 0.279739742986344 0.613258922473909 0.0769967216974873 0.00224706540109641
"978" 1.52796770575316e-07 0.0977670224765187 0 0.654259585294964 0.247973326726592 0.00230679185574857
"979" 0.0177872523610201 0.185809043467016 0 0.78685131538429 0.00955240005820547 0.00229865091163827
"980" 0 0 0.177873622081556 0.822126411597627 0 0.00224664035777505
"981" 0.0038049472060855 0.20343522186509 0 0.603210144019193 0.189549685453542 0.0022613816545487
"982" 0.0420502942034154 0 0.403238808146962 0.411624374262724 0.143086493779599 0.00218287226811796
"983" 0.110384055416223 0.307935296776538 0 0.581680673911432 0 0.00220012827929392
"984" 0 0 0.335013925127467 0.548889709725121 0.116096398291122 0.00219044032036064
"985" 0 0.0857734326612328 0 0.914226545877806 0 0.00225198184271971
"986" 0 0.103722585453067 0 0.841998425982845 0.0542790576935813 0.00225640258651947
"987" 0 0 0 0.989275772241578 0.0107242349169193 0.0022888150226514
"988" 0 0.229323014093933 0.0955346940132953 0.675142256531083 0 0.00225536683869569
"989" 0 0.312369141164511 0 0.476540255287321 0.211090641273353 0.00216962723795234
"990" 0 0 0.079757547789992 0.839712300403681 0.0805301772841706 0.0022956638853405
"991" 0 0 0 0.850207147455285 0.149793286059862 0.00224433994676742
"992" 0 0 0.239152420240681 0.510337106822631 0.25051047816631 0.00222719952489506
"993" 0.103644616420446 0.0387344841023556 0 0.768471372741122 0.0891496011647378 0.00223240956728061
"994" 0 0 0.309003287467738 0.494993463216933 0.196005899462886 0.00223791222051303
"995" 0 0.147973805227284 0 0.77851985896253 0.0735063625149922 0.00224429477641251
"996" 0.133916833761281 0.274909256386939 0 0.57432353768823 0.0168532736000406 0.00216676018056902
"997" 0 0 0 0.829226819213704 0.170773229364314 0.00231367857775943
"998" 0 0 0.0277203462513041 0.746179158808801 0.226100532895911 0.00222836954891491
"999" 0 0.0535459577158448 0.478233630934867 0.38296794425178 0.0852524701734545 0.00215170039879079
"1000" 0.221211369756434 0 0 0.678378796576612 0.100409861663709 0.00217432956451558
